
 start pl/0
 p   b   t     f   l   a                 0   1   2   3   4   5   6   7   8   9  10  11  12  13  14
 === === ===   === === ===             === === === === === === === === === === === === === === ===
   0   0  -1   INT   0   9      s[] :    0   0   0   0   0   0   0   0   0
   1   0   8   LIT   0   1      s[] :    0   0   0   0   0   0   0   0   0   1
   2   0   9   STO   0   3      s[] :    0   0   0   1   0   0   0   0   0
   3   0   8   LIT   0   2      s[] :    0   0   0   1   0   0   0   0   0   2
   4   0   9   STO   0   4      s[] :    0   0   0   1   2   0   0   0   0
   5   0   8   LIT   0   3      s[] :    0   0   0   1   2   0   0   0   0   3
   6   0   9   STO   0   5      s[] :    0   0   0   1   2   3   0   0   0
   7   0   8   LIT   0   4      s[] :    0   0   0   1   2   3   0   0   0   4
   8   0   9   STO   0   6      s[] :    0   0   0   1   2   3   4   0   0
   9   0   8   LOD   0   6      s[] :    0   0   0   1   2   3   4   0   0   4
  10   0   9   STO   0  12      s[] :    0   0   0   1   2   3   4   0   0
  11   0   8   LOD   0   6      s[] :    0   0   0   1   2   3   4   0   0   4
  12   0   9   STO   0  13      s[] :    0   0   0   1   2   3   4   0   0
  13   0   8   CAL   0  37      s[] :    0   0   0   1   2   3   4   0   0
  37   9   8   INT   0   6      s[] :    0   0   0   1   2   3   4   0   0   0   0  14   4   4   0
  38   9  14   LOD   0   3      s[] :    0   0   0   1   2   3   4   0   0   0   0  14   4   4   0   4
  39   9  15   LOD   0   4      s[] :    0   0   0   1   2   3   4   0   0   0   0  14   4   4   0   4   4
  40   9  16   OPR   0   4      s[] :    0   0   0   1   2   3   4   0   0   0   0  14   4   4   0  16
  41   9  15   STO   1   7      s[] :    0   0   0   1   2   3   4  16   0   0   0  14   4   4   0
  42   9  14   OPR   0   0      s[] :    0   0   0   1   2   3   4  16   0
  14   0   8   LOD   0   3      s[] :    0   0   0   1   2   3   4  16   0   1
  15   0   9   STO   0  12      s[] :    0   0   0   1   2   3   4  16   0
  16   0   8   LOD   0   7      s[] :    0   0   0   1   2   3   4  16   0  16
  17   0   9   STO   0  13      s[] :    0   0   0   1   2   3   4  16   0
  18   0   8   CAL   0  37      s[] :    0   0   0   1   2   3   4  16   0
  37   9   8   INT   0   6      s[] :    0   0   0   1   2   3   4  16   0   0   0  19   1  16   0
  38   9  14   LOD   0   3      s[] :    0   0   0   1   2   3   4  16   0   0   0  19   1  16   0   1
  39   9  15   LOD   0   4      s[] :    0   0   0   1   2   3   4  16   0   0   0  19   1  16   0   1  16
  40   9  16   OPR   0   4      s[] :    0   0   0   1   2   3   4  16   0   0   0  19   1  16   0  16
  41   9  15   STO   1   7      s[] :    0   0   0   1   2   3   4  16   0   0   0  19   1  16   0
  42   9  14   OPR   0   0      s[] :    0   0   0   1   2   3   4  16   0
  19   0   8   LOD   0   7      s[] :    0   0   0   1   2   3   4  16   0  16
  20   0   9   STO   0   8      s[] :    0   0   0   1   2   3   4  16  16
  21   0   8   LOD   0   6      s[] :    0   0   0   1   2   3   4  16  16   4
  22   0   9   STO   0  12      s[] :    0   0   0   1   2   3   4  16  16
  23   0   8   LOD   0   4      s[] :    0   0   0   1   2   3   4  16  16   2
  24   0   9   STO   0  13      s[] :    0   0   0   1   2   3   4  16  16
  25   0   8   CAL   0  37      s[] :    0   0   0   1   2   3   4  16  16
  37   9   8   INT   0   6      s[] :    0   0   0   1   2   3   4  16  16   0   0  26   4   2   0
  38   9  14   LOD   0   3      s[] :    0   0   0   1   2   3   4  16  16   0   0  26   4   2   0   4
  39   9  15   LOD   0   4      s[] :    0   0   0   1   2   3   4  16  16   0   0  26   4   2   0   4   2
  40   9  16   OPR   0   4      s[] :    0   0   0   1   2   3   4  16  16   0   0  26   4   2   0   8
  41   9  15   STO   1   7      s[] :    0   0   0   1   2   3   4   8  16   0   0  26   4   2   0
  42   9  14   OPR   0   0      s[] :    0   0   0   1   2   3   4   8  16
  26   0   8   LOD   0   7      s[] :    0   0   0   1   2   3   4   8  16   8
  27   0   9   STO   0  12      s[] :    0   0   0   1   2   3   4   8  16
  28   0   8   LOD   0   8      s[] :    0   0   0   1   2   3   4   8  16  16
  29   0   9   STO   0  13      s[] :    0   0   0   1   2   3   4   8  16
  30   0   8   CAL   0  43      s[] :    0   0   0   1   2   3   4   8  16
  43   9   8   INT   0   6      s[] :    0   0   0   1   2   3   4   8  16   0   0  31   8  16   0
  44   9  14   LOD   0   3      s[] :    0   0   0   1   2   3   4   8  16   0   0  31   8  16   0   8
  45   9  15   LOD   0   4      s[] :    0   0   0   1   2   3   4   8  16   0   0  31   8  16   0   8  16
  46   9  16   OPR   0   2      s[] :    0   0   0   1   2   3   4   8  16   0   0  31   8  16   0  24
  47   9  15   STO   1   7      s[] :    0   0   0   1   2   3   4  24  16   0   0  31   8  16   0
  48   9  14   OPR   0   0      s[] :    0   0   0   1   2   3   4  24  16
  31   0   8   LOD   0   7      s[] :    0   0   0   1   2   3   4  24  16  24
  32   0   9   STO   0  12      s[] :    0   0   0   1   2   3   4  24  16
  33   0   8   LOD   0   5      s[] :    0   0   0   1   2   3   4  24  16   3
  34   0   9   STO   0  13      s[] :    0   0   0   1   2   3   4  24  16
  35   0   8   CAL   0  43      s[] :    0   0   0   1   2   3   4  24  16
  43   9   8   INT   0   6      s[] :    0   0   0   1   2   3   4  24  16   0   0  36  24   3   0
  44   9  14   LOD   0   3      s[] :    0   0   0   1   2   3   4  24  16   0   0  36  24   3   0  24
  45   9  15   LOD   0   4      s[] :    0   0   0   1   2   3   4  24  16   0   0  36  24   3   0  24   3
  46   9  16   OPR   0   2      s[] :    0   0   0   1   2   3   4  24  16   0   0  36  24   3   0  27
  47   9  15   STO   1   7      s[] :    0   0   0   1   2   3   4  27  16   0   0  36  24   3   0
  48   9  14   OPR   0   0      s[] :    0   0   0   1   2   3   4  27  16
  36   0   8   OPR   0   0      s[] : 
 === === ===   === === ===             === === === === === === === === === === === === === === ===
 p   b   t     f   l   a                 0   1   2   3   4   5   6   7   8   9  10  11  12  13  14
 end pl/0